1011111011011111110111111110000011111100110111010001111111111111000001010011100100100100101110111111111111111000000000000000001010011011011011100101110111
1111011111111110001111101110010111111111011111111101110111011111000001001001010011100101101110111111111111111000000001010010010010010011011011100101110111
1111111111101111011111101101111111001011111111111111011011111111000001001010011100101110111111111111111111111000000001001001001001001001010011100101110111
1111011111000111111110111011011111010101101100111101111111110101000001010010010011011100101110110110110110111000000000001010010011011011011100101110111111
1101111111111111011111101111111111111111101101111011111110111111000001001010011100100101110111111111111111111000000001001001001010010010010011100101110111
1111111101111011111101111111101111111000011111011110110111111111000000001010011100101110111111111111111111111000001001001001001001001001010011100101110111
1011011111111100110101111111111111010110111111111101011111011111000001010011100101101101101110111111111111111000000000000000000001010011011011100101110111
1111111101000101110111111111111100111001111111001111111011101111000000001010011011100101110110110111111111111000001001001001010010010010011100100101110111
1111110110011111111111001110110111111111101001110111101111111011000001010011100100100100100100101101110111111000000000000000001010011100101101110110110111
1101111011101111101111110111101010101111111111111011111111101111000001001001010011100101110110110111111111111000000001010010010010010010011100100101110111
1110101011110101111111110111001111111110111101111111111111111111000001010010011100101110111111111111111111111000000000001001001001001001010011100101110111
1110111111111011111111010111011111011111111111111101111101111011000001010010011100101101101110110110110111111000000000001001001001010011011100101110110111
1111111111111111111110111011111111110100101110011010111101010111000001010011100100100101101101110110111111111000000000000000001010010011100100101101110111
1101010111101111011101101110111001101011111001111111111111111111000001001010011100101110111111111111111111111000000001001001001001001001010011100101110111
1110111111101111111111101111101110111111111111111111011111111111000001010011100101110111111111111111111111111000000000000000000000000001010011100101110111
1111111001001101101111001011011111101100011111111101111111110111000000000000000001010010011100101110111111111000001010011100100100101101101101101101110111
1101011110111011110010111111111111011111011011011100110111111111000001010011100100101110111111111111111111111000000000000000001001001001010011100101110111
1111101111011111111100110111111001111111111111000111111011111111000001010010011100101110111111111111111111111000000000001001001001001001010011100101110111
1111110111111110111111101101000101101001101111011000111100111001000001010011011100100101101101110110110110111000000000000001001010010011100100101110111111
1011111111100110101111111111110011011111011111111011010010011111000001010011100100101101110110111111111111111000000000000000001001010010011011100101110111
1110101111100111111001111111011111111111101111111011101101111111000001010011100100100101110111111111111111111000000000000000001010010010010011100101110111
1111111010111011101110111111010101110111111111111111011101111101000001010011011100101101101101101110110110111000000000000001001001010011100101101110111111
1101111001100110101111111111111111111001001111110110011110111111000000001001010011100101110111111111111111111000001001010010010010010010010011100101110111
1111010101111101011011111011111101011110001111010101011101111111000000001010010011011100101110111111111111111000001001001010010011011011011011100101110111
1110011101101110111111111011111111111111111111110111111111111011000000001010010011100101110110110110110111111000001001001010010010010010011100101110110111
1111111111111100111110111111111111111111111101111111110101111111000001010011100101110110111111111111111111111000000000000000000000001001010011100101110111
1110011011101111111111101101111111111111011111011111111100011101000001010011100100101110110110110110110110111000000000000000001001001010011100101110111111
1110110011111100110111111111110110111010110011111111111111111011000001010011100101110110110110110110110111111000000000000000000000001010011100101110110111
1110111100110110111101111010111110111100101111110011101111011101000000000001010011100101101101101101110110111000001010010010010010010011100101110110111111
1111111111110111011111111110111111100001111001011111111101110111000001001010011100101110110110110110111111111000000001001001001001001010011100101101110111
1110111111111111110101111111101111011110011101111111111110111111000001010011100100101110110111111111111111111000000000000000001001001010010011100101110111
1111011111110011111011011111110001110110101111100011011110010011000001010011011100100101101101101110110111111000000000000001001010010011100101101110110111
1110101011111111101111111100111111111110111100111101111000011011000001010011100101101101101110110110110111111000000000000000000001010011011100101110110111
1111111111111111111011111011110111101100111101110111110101011011000001010010010011011011100100101101101110111000000000001010010011100100101101110111111111
1111111101111111111111101001111111111111100111011011110111101111000000001010010010011100101110110111111111111000001001001010011011011011011100100101110111
1011011111111111111111111010111011101111111101100111111101111001000001010011100101101110110110110110110110111000000000000000000001001010011100101110111111
1110111001110101110111111001111111101101111101100110011101011111000000001001001010011011100100101110111111111000001001010011011011100100101101101101110111
1111101111111110111111111111110101110100111100111101011110111111000001010011011100101101101110111111111111111000000000000001001001010011011011100101110111
1111101110110011011111111111111100011101111010011010111111011111000000000001010011011100100101110111111111111000001010010010010011011100100100100101110111
1111011101011111011111110011111111011111111111100111111111011111000000001010010011011100101110111111111111111000001001001010010011011011011011100101110111
1111010111111111110011111111001111111111011101110111111000111111000001010011100100101110110111111111111111111000000000000000001001001010010011100101110111
1101110111110010101111101111110111100111110111111011111111010111000001010011011011011011011100101110111111111000000000000001010011100101101101101101110111
1110111011111111011111111111011000110111110111011010110111111011000001001010010010010010011100100100101110111000000001001010011100101101101110111111111111
1011111111111101111111111111111111111011111110111011010101111111000001010011100101101101110111111111111111111000000000000000000001010010010011100101110111
1111011101111111111101111111111111101111111000110111011111111111000000001010011100101110111111111111111111111000001001001001001001001001010011100101110111
1111111110111110111111110110110111110011101111111111111111010001000001010010011100100101110110110110110110111000000000001001001010010010011100101110111111
1110011111111101111100111111110111010111010011101111111110101111000001010011100100101110110110110111111111111000000000000000001001001010011100100101110111
1110101111111101111111010111111111111111101111011101111111111011000001010010011100100101101110110110110111111000000000001001001010010011011100101110110111
1111111110111101111111101001011111010111111001111111111111111111000001010011100101110111111111111111111111111000000000000000000000000001010011100101110111
1111111111101100111111010111111111110101111110111101110111111011000001010010011011011011011011011100101110111000000000001001010011100101110111111111111111
1101111111111111110111110111101111111011101011101101111111111111000001010010011100100100100101110111111111111000000000001001001010011100100100100101110111
1110011111111111101101011111011111010011110111111111101011110111000001010011011011011100101101101101110111111000000000000001010011011011100101110110110111
1111110111111111111110011111111111110110101001111111101111111001000001010011011011011011011100101101110110111000000000000001010011100101101101110110111111
1111011110111111111111111110111011001111110110111011111101111111000001010010010010010011100101110111111111111000000000001010011100100100100100100101110111
1101101011111101111111111101111110111111011111000011010011010111000001010010010010011100101101101110111111111000000000001010011011011011100101101101110111
1100101110000111111111101111111110011101100010111110101111110111000001010011011011011011011011011100101110111000000000000001010011100101110111111111111111
1111110110111111111110110001111111111110111011101111011101101111000001010010010010011100100101101110111111111000000000001010011011011100100101101101110111
1111101110111111111001110111111110111001100111100111111011111111000001010010011011100100101110111111111111111000000000001001010010011011011011100101110111
1101111010111111111111111100111101011001101111110111011101010101000001010010010010010011100101101110110110111000000000001010011100100100100101101110111111
1111111110111110111010111110111111010011001111101011111101111111000000000001001001010011011011100101110111111000001010010011100100100101110110110110110111
1101101111111110101111110000111111111111101111111111011111101011000001001001010010010011100101101110110111111000000001010010011100100100100101101110110111
1101011001101110010011111111111010010101111111111110111011111111000000001010011011011100101101110111111111111000001001001001010011011011100100100101110111
1011101111111101101011111011111111111110111100111111111111111111000001010011100101110111111111111111111111111000000000000000000000000001010011100101110111
1011101111100101111111110110011101111010111110111110111101111111000001010010011100101110111111111111111111111000000000001001001001001001010011100101110111
1101101111111111111101110111101111011111110111010001110111111011000001010010011011011100100100100100101110111000000000001001010011011100101110111111111111
1101011001110111110111110010111101111010111101111110111101111111000000001001001010010011011011100101110111111000001001010011011100100101110110110110110111
1110110101101111110111111101101111111101011101111111111100101111000000001010011100101110110110110111111111111000001001001001001001001010011100100101110111
1011111111111111101111111111011111111111101111101111111111100111000001010011100101110110110110110110111111111000000000000000000000001010011100101101110111
1101110011110011110101100011111110110110110111101111111111110111000001001001001010011100101110110110111111111000000001010011011011011011011100101101110111
1110110111110111110111111111111111111111011111111101111110111111000001010011100100101101101110111111111111111000000000000000001001010011011011100101110111
1111011111101111110110011101111101110111110111111110111101111111000001010011011100101110111111111111111111111000000000000001001001001001010011100101110111
1111011101111111110101000110111110111111011101110001011001110011000000001010011011100100100100101110110111111000001001001001010010011100101101101110110111
1111111111111011111101101110111111101111111110110011111110111111000001010011100101101101110111111111111111111000000000000000000001010010010011100101110111
1111110111101111111011111111111011011011111111111011111111111011000001010011100101101101110110110110110111111000000000000000000001010010011100101110110111
1011011011111111111111110111111011111111110101111010111101011111000001010010011100100100100100101110111111111000000000001001001010011100101101101101110111
1111101111111100111111111100011001111011110011011101111111111101000001010011011100100100100101110110110110111000000000000001001010011100100100101110111111
1111110111011111111101011011011111111101110011011111001111111111000001010011100101110111111111111111111111111000000000000000000000000001010011100101110111
1011111111101111111111111111101110111111111011111111111111101111000001010011100101110110110110110111111111111000000000000000000000001010011100100101110111
1111110010111111111111101101111111111111010111100111111111111011000001010011100100101110110110110110110111111000000000000000001001001010011100101110110111
1111110111011111110110111111011110011100110001110111010111111001000001010011011011011100100100101101101110111000000000000001010011011100101101110111111111
1111101111101110011110110111110110111111111111111111110011101111000001001010011011100101110110110111111111111000000001001001010010010010011100100101110111
1011111111111110110111101111111111111000111110011111111111111111000001010011100101110111111111111111111111111000000000000000000000000001010011100101110111
1001001111111111111111111101101111100001111111111111010101111111000001010011100101110110111111111111111111111000000000000000000000001001010011100101110111
1110101111110111101111011111111011111111011110111111101011100111000001010011100100100100100100100101110111111000000000000000001010011100101110110110110111
1111011101111110110100110101111101111010011111101111111110110011000000001010011100101110110110110110110111111000001001001001001001001010011100101110110111
1111011111111111011101011111111111110011000110101101111111000111000001001010011100100100101110110110111111111000000001001001001010011011011100101101110111
1111111111111111111011111101011011110111111011000111110111011111000001010011100101101110110110111111111111111000000000000000000001001010011011100101110111
1111111110111101111111111111011111101110111011111110101111011011000001010010010010010010011100101101110111111000000000001010011100101101101101110110110111
1010010111101111111111011011111111101101101100010111111011001111000001010011100100100101110110110111111111111000000000000000001010010010011100100101110111
1110111111111111111011101011111111111111101001111100111101111011000001010011100100100100100100101110110111111000000000000000001010011100101101101110110111
1111011001111111110111011111111111110011101000111111001010110111000000001010011011011011011011100101110111111000001001001001010011100101110110110110110111
1111111011100111110101011110010010101110111110111001111111110011000001010011100101101101101110110110110111111000000000000000000001010011011100101110110111
1010011011110111101111110111111111101110111000111111111101011101000001001001010011100101110110110110110110111000000001010010010010010010011100101110111111
1111111111101100111101111111111111111111111011101111111111111111000001010011100101110111111111111111111111111000000000000000000000000001010011100101110111
1111111001111111111011010101101111111000101111111010101110101111000000001010011100100101101101110111111111111000001001001001001010010011100100100101110111
1111111010110111111101111111000101111101111111101101111111111111000001010011011100101110111111111111111111111000000000000001001001001001010011100101110111
1111111101111011110111111101001111101111110101111111001101111111000000001010011100101110111111111111111111111000001001001001001001001001010011100101110111
1101100111111111111011111111101010111111000110101111111111011101000001010011011011100100101110110110110110111000000000000001010010011011011100101110111111
1001111111111010111000101111111110111111111111011010110111111111000001010011100101110111111111111111111111111000000000000000000000000001010011100101110111
1111110101011111111101111011111110011011010001111101111111101111000000001010010011011011011011100101110111111000001001001010010011100101110110110110110111