0001000110010101000101010110100101000011011000100010110100000000001
0110100011001100010010011110010111000101111010101110100010010101001
0010111001000101001100100111000111011011100100111110101110000110100
0001001100111111001111001011001011000101011001001001100100000010001
0110010111101000111101110011111000100111101001010111011000100011000
0100100010011001111111010010010111010010011001000010101000000001010
0001111011111101011011011001010101010110101011010101111100000010100
0010111000110111010111110011101110111100101010101001001100000100001
0111001101101100101001011011100100101001000111001101010110101100000
0110100110011001111101101101010111111000110011011101001000101101010
0011100110011011000011001110011110010100110101010010111110000000110
0011001011010101111111010111001101000010011100101111101000000110100
0000100111011111101010101000111101111110110111111110101000000001100
0011010011101101010101000110011011001000010111101110100010000001111
0101011011000100101011101111100010110110111010110011001010000011111
0000010101101000111001100101111100110111110111010100100110000000100
0110110011010011111100011001011010010011100100011100011000001010101
0110100010101010100011010010011001101100111010011011101010001011011
0000011100110101001110010011101000011000100100111001001000000000011
0101101011010111111001001101111010010100101101011010010100000100011
0011100101100010110100011101100110101100100111001110111000000000111
0100101010111101010101110111010010011011000111010101100110000010000
0000111011100010010111010101000100111010100111100101110110000000010
0101001001100111111010011011011110010010111111011000111000000100011
0110111101110011000100111010101101001111101111011101110110110011011
0101000011100111011100010010010010111101011010110010010010000001000
0001001011001010010110110011100100110101100011000101101100000000010
0000101000110110010011110101001110010101001111100011100010000000001
0011011110101000010101000111101011101001111011001011001000000000111
0000110110111011000110011111010101011010011111011011001010000001100
0111010010101111111101010010110010110011101011010100100100011001011
0100110111111011011000111111011110110101101011011010100100000100101
0101110010111101000111100101111101001101101110011101110010000111010
0101011000011010010101000110101110110111100011000111101000000011010
0100100011100010101011011000110010111010101010101011111100000011000
0101001001001111111011110100101000011111110111001011011100000101011
0100100111111100011101000111111000010100100101000101010010000010111
0110110010101100100101110100100111100100101000011111110010010100101
0000110111101101101110010011101000111001000111111000011010000000110
0100110011010011011001010101101010101011001110100010101010000010100
0101110101100101010111111010101001011101011010011000011010000011101
0001001110111010010111010101111010111111010100100010111000000000100
0111011001100100111001001100110110011011011010011100100100010101101
0011010110111011101110101001101001000011001010111110110100001000001
0101001100110111101111111011001001011110111001111011010010000100110
0010111000101100011111011010111111110101001111000010011010000010011
0011011111110011110101010111100010111110101001011011001010000100010
0011111100011111110111010011010111100011110100010100110110000011110
0111011011100011101101111100100010100010101011110100101010100100010
0111100011100101101110101001100101111101100011010101110100111110010
0010011010110110110011110110011000100100010010010011011100000000011
0101010100101001100110100110101001100100100111001000110100000010100
0111000100100101110010100111100111101101001011000011011110011100001
0000101001011010010110101110101000100010101111010101001000000000011
0001001011110011000100110100101010010111011111011001010100000000100
0010101001011100011011011100010010010011001101101101100010000001010
0010111000101011101101011101010101000111001111001010101000001001001
0101110010110101101111000010010010110011110101000010111110000011100
0101000111000111100111001001111001111111000011001011101010000100100
0101011101011101110101001101011010011000011001101101011010000110001
0111011011111000101011001101111011010100011101000010101000101100000
0110111010111100111101110101100011101001100100011010011000011000100
0101101111001101101000111001000111001110111011110011001010000100101
0000101010011000101110111011011000010110011001110100101000000000001
0111001111100110111011111010101100011000101111111101100110111010111
0110111111011001011111100110110101010011010111101101001010100101111
0110111101110011111101101001000111100111000100101011001110110111100
0100111110011011001111111101000111000101101100101011000010000101010
0000011101010101100110110100010101101101001100101011011100000000100
0010100100100010011111011000010011011010101010101011001010000000000
0111100110110111101101100011111011011101110110111011011111001100011
0100111010101001001001010011010010111101110101101011101010000011111
0110101111011000101101000100100011110011011111011100011100100110100
0111010110010111001011010110101111100011011101101101111100011101000
0101110101111001110010101010011000100011101000011001110100000011001
0100011101010101010111111001110111001001100100111001001010000011000
0010111011010100101110111110100100010011111100111011010100000011110
0110110111101101111101110110110101111100010110010111101100111110000
0100111001000110101011001101101100111101100101001111110100000011001
0010100101101001010010110111001001010111100111110101011000000001010
0011111010111010011000110011101011011110011111001000101000000101111
0100100111001011110011110011101011111101111111101011110100000110101
0110110011011010110011001001100101110111000111000011001000001101100
0101110111010101111000101101100011110101000110100110010010000001110
0011010010111110111000100100110111011010111100011000111110000010000
0010111111111100100101010101011010100011111011001001101000000101000
0101110011100100111100010110010110101000011001011010011000000010000
0110111011011110010111110101001110011100101001111101101110110111100
0110101111000111100100110111111111011110011000010111101110100111010
0100111110111011001100101011101111001100100011010110110100000010100
0000110101011001101111100110011101111101000110110010111100000000110
0011101001011001010010011000101011010110011000110110011110000011011
0111100111111100111110100101010110010100010100010010101110011011001
0111111001111010111011010100111010111111111001010111110010111110111
0101011001001011100101001111000111111101111010101011101100000110000
0000111010010110111000101111101011011110011010110111111100000000101
0000011011001111010011011100010101000110111010011011000110000000000
0110010111011101010010010100101100011111101100100101011100010000100
0001011000101011001100100011110110010010111011011111000110000000111
0110011001000110010011000101011001010011110111111010100100001111101